10

14
1 2
2 3
3 4
4 5
5 6
6 7
7 8
8 9
9 10
10 11
11 12
12 13
13 14
1
R 14
7
1 2
2 3
3 4
4 5
5 6
6 7
1
Q
6
1 2
2 3
3 4
4 5
5 6
10
Q
R 5
R 2
R 5
Q
R 6
Q
R 6
Q
R 6
15
1 2
2 3
3 4
4 5
5 6
6 7
7 8
8 9
9 10
10 11
11 12
12 13
13 14
14 15
10
Q
R 6
R 10
R 5
R 6
Q
R 3
R 8
Q
Q
18
1 2
2 3
3 4
4 5
5 6
6 7
7 8
8 9
9 10
10 11
11 12
12 13
13 14
14 15
15 16
16 17
17 18
1
Q
10
1 2
2 3
3 4
4 5
5 6
6 7
7 8
8 9
9 10
1
Q
9
1 2
2 3
3 4
4 5
5 6
6 7
7 8
8 9
1
R 4
16
1 2
2 3
3 4
4 5
5 6
6 7
7 8
8 9
9 10
10 11
11 12
12 13
13 14
14 15
15 16
10
R 13
R 9
R 8
Q
Q
R 3
R 11
Q
R 14
Q
15
1 2
2 3
3 4
4 5
5 6
6 7
7 8
8 9
9 10
10 11
11 12
12 13
13 14
14 15
10
R 7
R 2
Q
R 6
R 11
Q
R 10
R 10
Q
R 5
15
1 2
2 3
3 4
4 5
5 6
6 7
7 8
8 9
9 10
10 11
11 12
12 13
13 14
14 15
10
Q
R 3
R 8
R 1
Q
Q
R 4
R 2
R 5
Q
